0
-0.088981384
-0.140082353
-0.184704107
-0.225554906
-0.263742872
-0.299875902
-0.334338925
-0.367397582
-0.399246039
-0.430032239
-0.4598725
-0.488860552
-0.517073424
-0.544575542
-0.571421479
-0.597658033
-0.623325726
-0.648460035
-0.67309218
-0.697249864
-0.720957829
-0.744238298
-0.767111291
-0.789595026
-0.811705988
-0.833459383
-0.854869039
-0.875945784
-0.896646884
-0.916966183
-0.936923068
-0.956534647
-0.975816466
-0.994782334
-1.013444812
-1.031815344
-1.049904316
-1.06772131
-1.085275094
-1.102573838
-1.119625005
-1.136435569
-1.153012124
-1.169360716
-1.185487045
-1.20139642
-1.217093953
-1.232584312
-1.247872015
-1.262961269
-1.277856121
-1.292560381
-1.307077613
-1.321411307
-1.335564702
-1.349540998
-1.363343114
-1.376973983
-1.390436255
-1.403732669
-1.416865619
-1.429837623
-1.442650915
-1.455307813
-1.467810404
-1.48016081
-1.492361015
-1.504412989
-1.516318421
-1.528079308
-1.539697313
-1.551174084
-1.562511269
-1.573710511
-1.584773195
-1.595700953
-1.606495147
-1.617157134
-1.627688272
-1.638089916
-1.648363423
-1.658509798
-1.668530469
-1.678426542
-1.688199126
-1.697849323
-1.707378242
-1.716786985
-1.726076516
-1.735247861
-1.744301961
-1.753239849
-1.762062411
-1.770770538
-1.779365116
-1.787847035
-1.796217185
-1.804476315
-1.812625256
-1.820664823
-1.828595855
-1.836418898
-1.84413487
-1.851744471
-1.859248403
-1.86664737
-1.873942077
-1.881133038
-1.888221064
-1.895206838
-1.902090775
-1.908873723
-1.915556171
-1.922138662
-1.928621888
-1.935006392
-1.941292714
-1.947481399
-1.953572994
-1.959568045
-1.965467101
-1.971270608
-1.976979025
-1.982593048
-1.988112892
-1.993539326
-1.998872503
-2.004113168
-2.00926168
-2.014318346
-2.019283766
-2.02415835
-2.028942507
-2.03363665
-2.038241192
-2.042756548
-2.047183133
-2.051521365
-2.055769902
-2.059915196
-2.063954805
-2.067889366
-2.071720268
-2.075448126
-2.079074221
-2.082598959
-2.086023616
-2.089348979
-2.092575655
-2.095704545
-2.098736474
-2.101672173
-2.104512363
-2.107257749
-2.109909029
-2.112466888
-2.114932001
-2.117305013
-2.119586337
-2.121776831
-2.123877133
-2.125887613
-2.127808928
-2.129641795
-2.131386384
-2.13304368
-2.134613747
-2.136097465
-2.137495165
-2.138807251
-2.140034417
-2.141177053
-2.142235383
-2.143210105
-2.144101632
-2.144910377
-2.145636745
-2.146281141
-2.146843963
-2.147325608
-2.147726469
-2.148046936
-2.148287397
-2.148448239
-2.148529842
-2.148532586
-2.148456597
-2.148302401
-2.148070432
-2.147760936
-2.147374055
-2.146910469
-2.146370199
-2.145753699
-2.145061304
-2.144293186
-2.143449804
-2.142531341
-2.141538098
-2.140470563
-2.139328571
-2.138112852
-2.136823595
-2.13546075
-2.134024933
-2.132516379
-2.130935316
-2.129281757
-2.12755621
-2.125758915
-2.123890102
-2.121950014
-2.11993888
-2.117856938
-2.115704424
-2.113481566
-2.111188608
-2.108825771
-2.106393301
-2.10389142
-2.101320372
-2.098680378
-2.095971683
-2.093194293
-2.090348566
-2.087434792
-2.084453215
-2.081403864
-2.078286917
-2.07510282
-2.071851694
-2.068533459
-2.065148753
-2.061697454
-2.058179844
-2.054596291
-2.050946579
-2.047231458
-2.043450447
-2.03960444
-2.035692941
-2.031716732
-2.027675558
-2.023569834
-2.019399789
-2.015165247
-2.010866837
-2.006504479
-2.002078256
-1.997588637
-1.993035702
-1.988419287
-1.983739945
-1.978997811
-1.974193037
-1.969325497
-1.964395607
-1.95940355
-1.954349487
-1.949233555
-1.944055907
-1.938816703
-1.933515995
-1.928154011
-1.922730954
-1.917246973
-1.911702209
-1.906096825
-1.90043098
-1.89470482
-1.88891849
-1.883072164
-1.877165912
-1.871199879
-1.865174279
-1.859089278
-1.852945032
-1.846741688
-1.840479404
-1.834158299
-1.827778286
-1.821339785
-1.814842953
-1.808287959
-1.801674672
-1.795003361
-1.788274335
-1.781487724
-1.774643214
-1.767741459
-1.760782621
-1.753766233
-1.746693048
-1.739563081
-1.732376121
-1.725132848
-1.717832862
-1.710476662
-1.703064277
-1.695595724
-1.688071427
-1.680491089
-1.672855353
-1.665163791
-1.65741708
-1.649614872
-1.641757687
-1.633845415
-1.625878239
-1.617856482
-1.609779796
-1.601648907
-1.593463429
-1.585223755
-1.576930212
-1.568582278
-1.560180678
-1.551725543
-1.54321641
-1.534653947
-1.526038283
-1.51736922
-1.508646861
-1.499870232
-1.49103909
-1.482153284
-1.473213109
-1.464218872
-1.455170714
-1.446068779
-1.436912961
-1.427703573
-1.418440856
-1.409124953
-1.399756006
-1.390334156
-1.380859548
-1.371332278
-1.361752407
-1.352120224
-1.342435872
-1.332699492
-1.322911227
-1.313071218
-1.303179607
-1.293236537
-1.283242148
-1.273196583
-1.263099983
-1.252952491
-1.242754249
-1.232505399
-1.222206082
-1.211856441
-1.201456617
-1.19100665
-1.180506681
-1.169956937
-1.159357558
-1.148708688
-1.13801047
-1.127263045
-1.116466557
-1.105620891
-1.094726334
-1.083783121
-1.072791395
-1.0617513
-1.050662765
-1.039525891
-1.028341057
-1.017108407
-1.005827975
-0.99449957
-0.983123759
-0.971700687
-0.960230185
-0.948712387
-0.937147739
-0.925536257
-0.913877656
-0.90217262
-0.890421177
-0.878622958
-0.866778718
-0.854888335
-0.842951688
-0.830969436
-0.818941132
-0.806867239
-0.794747981
-0.782582951
-0.770373004
-0.758117519
-0.745817224
-0.7334719
-0.721081767
-0.708647046
-0.696167589
-0.683643907
-0.671075615
-0.658463398
-0.645806797
-0.633106506
-0.620362118
-0.607574202
-0.594742543
-0.58186745
-0.568949029
-0.555987187
-0.542982508
-0.52993438
-0.516843737
-0.503710028
-0.490533773
-0.477315115
-0.464053676
-0.450750232
-0.437404393
-0.424016452
-0.410586828
-0.397114977
-0.383601528
-0.370046695
-0.356449922
-0.34281192
-0.329132862
-0.315412342
-0.301650819
-0.287848542
-0.274005375
-0.26012128
-0.246196763
-0.232231928
-0.218226518
-0.204180777
-0.190095017
-0.175969353
-0.161803643
-0.147598008
-0.133352791
-0.119068078
-0.104743977
-0.090380284
-0.075977343
-0.061535362
-0.047054417
-0.032534609
-0.017976046
-0.003378539
0.011257466
0.025931904
0.040644669
0.05539563
0.070184675
0.085011694
0.099876725
0.114779676
0.129720279
0.144698419
0.159713999
0.174766949
0.189857142
0.204984451
0.220148761
0.235349995
0.250588071
0.265862837
0.281174176
0.296521984
0.311906215
0.327326716
0.342783361
0.358276037
0.373804686
0.389369191
0.404969408
0.420605219
0.436276556
0.451983326
0.467725371
0.483502571
0.49931486
0.515162147
0.53104427
0.546961108
0.5629126
0.578898648
0.594919092
0.610973806
0.627062826
0.643186112
0.659343361
0.675534459
0.691759357
0.708017921
0.72431
0.740635485
0.756994472
0.773386876
0.789812354
0.806270842
0.822762258
0.839286424
0.855843332
0.872433147
0.889055414
0.905709985
0.922396782
0.939115831
0.955867248
0.972650532
0.989465653
1.00631246
1.023191149
1.040101475
1.0570432
1.074016133
1.091020493
1.108056189
1.125122772
1.142220105
1.159348697
1.17650798
1.19369769
1.210917986
1.228169017
1.245450151
1.26276131
1.280103134
1.297474736
1.314875989
1.332307576
1.34976869
1.367259113
1.384779578
1.402329246
1.419907939
1.437516372
1.455153634
1.4728198
1.490515181
1.508239076
1.525991846
1.543773223
1.56158287
1.579421292
1.597287712
1.615182529
1.633105358
1.651056035
1.669034974
1.687041312
1.705076591
1.723140164
1.741232236
1.759352691
1.777501244
1.79567804
1.81388259
1.832115374
1.850375384
1.868663665
1.886978906
1.905322014
1.923692033
1.942089634
1.960513837
1.978965527
1.997443502
2.015948758
2.034480158
2.053038485
2.071622856
2.090233861
2.108870687
2.127533886
2.14622287
2.164937673
2.183678402
2.202444396
2.22123637
2.240053357
2.258895922
2.277763569
2.296656241
2.31557403
2.334516407
2.353483908
2.372475864
2.391492363
2.41053339
2.429598557
2.448688196
2.467801847
2.48693934
2.506101057
2.525286405
2.54449536
2.563728143
2.582984225
2.602263628
2.621566613
2.640892475
2.660241439
2.679613619
2.699008344
2.718425909
2.737866339
2.757329099
2.776814213
2.796321974
2.81585192
2.835403776
2.854977831
2.874573967
2.894191672
2.913831096
2.933492436
2.953175218
2.972879326
2.992604601
3.012351559
3.0321194
3.051908247
3.071717894
3.091548674
3.11140017
3.131272077
3.151164554
3.171077533
3.191010971
3.210964572
3.230938155
3.250931822
3.270945504
3.290979203
3.311032477
3.331105374
3.351197781
3.37130965
3.391441132
3.41159169
3.431761493
3.451950216
3.472157935
3.49238457
3.512630093
3.532894349
3.553177035
3.573478331
3.59379786
3.614135786
3.634491833
3.654866219
3.675258612
3.69566885
3.716096998
3.736542733
3.757006263
3.777487176
3.797985679
3.818501432
3.839034612
3.859584998
3.880152445
3.900736933
3.921338225
3.941956446
3.962591237
3.983242816
4.003910776
4.024595321
4.045296102
4.066013243
4.086746496
4.107495863
4.128261231
4.149042464
4.169839586
4.19065233
4.211480841
4.232324747
4.253184309
4.274059041
4.294949256
4.315854447
4.336774946
4.357710277
4.378660668
4.399625783
4.420605731
4.441600301
4.462609467
4.483633118
4.504671143
4.525723518
4.546790053
4.567870801
4.588965499
4.610074266
4.63119678
4.652333217
4.6734832
4.694646956
4.715824063
4.73701479
4.758218686
4.779436024
4.800666353
4.821909972
4.843166444
4.864436138
4.885718442
4.907013718
4.928321462
4.949641968
4.97097479
4.992320204
5.013677746
5.035047748
5.056429783
5.077824195
5.099230389
5.120648673
5.142078599
5.163520445
5.184973744
5.206438838
5.227915371
5.249403571
5.270902873
5.292413612
5.313935311
5.335468287
5.357012127
5.378567245
5.400132962
5.421709648
5.443296794
5.464894717
5.486503104
5.508122184
5.529751432
5.551391096
5.573040796
5.594700828
5.616370911
5.638051024
5.659740925
5.681440651
5.703150198
5.724869475
5.74659832
5.768336561
5.790084291
5.811841462
5.833607993
5.855383488
5.877168268
5.898962013
5.920764986
5.942576549
5.964397078
5.986226291
6.008064365
6.02991079
6.051765794
6.073629323
6.095501226
6.117381324
6.139269593
6.16116622
6.183070697
6.204983273
6.226903655
6.248832137
6.270768057
6.292711883
6.314663252
6.336622256
6.358588494
6.380562415
6.402543537
6.424531795
6.446527433
6.468530014
6.490539729
6.512556236
6.534579941
6.556610097
6.578647281
6.600690985
6.622741296
6.644798161
6.666861461
6.688931133
6.711007077
6.733089435
6.755177603
6.777272314
6.79937273
6.821479215
6.843591606
6.865709727
6.887833672
6.909963194
6.932098424
6.954239057
6.976385379
6.998536812
7.020693846
7.042855922
7.065023271
7.087195799
7.109373125
7.131555825
7.153743049
7.175935454
7.198132484
7.220334414
7.242541156
7.264752366
7.286968548
7.309188929
7.331414107
7.353643465
7.375877282
7.398115385
7.420357523
7.44260412
7.464854432
7.487109128
7.509367464
7.531629861
7.553895995
7.576165792
7.598439467
7.62071643
7.642997341
7.665281379
7.687569078
7.709859975
7.732154163
7.754451679
7.776752164
7.799055942
7.821362604
7.84367223
7.865984848
7.888300038
7.910618371
7.93293906
7.95526264
7.977588638
7.999917137
8.022248217
8.044581467
8.066917278
8.089255188
8.111595293
8.133937659
8.156281787
8.178628357
8.200976521
8.223326765
8.24567876
8.268032384
8.290387991
8.312744938
8.335103695
8.357463834
8.37982538
8.402188499
8.424552718
8.446918443
8.469285235
8.491653143
8.514022315
8.536392257
8.558763449
8.581135387
8.603508152
8.625881881
8.64825607
8.670631241
8.693006834
8.715382969
8.737759783
8.760136756
8.782514418
8.804892216
8.82727025
8.849648693
8.872027006
8.894405695
8.916784259
8.939162737
8.961541377
8.983919598
9.006297872
9.028675783
9.051053269
9.073430693
9.095807408
9.11818383
9.140559699
9.162934786
9.185309591
9.2076834
9.230056543
9.252429014
9.274800322
9.297171063
9.319540643
9.341909104
9.364276781
9.386643023
9.409008264
9.431372249
9.453734725
9.476096197
9.49845602
9.520814434
9.543171453
9.565526663
9.587880569
9.610232606
9.632582844
9.654931636
9.677278249
9.699623131
9.721966208
9.744306986
9.76664605
9.788982896
9.811317442
9.83365015
9.855980326
9.878308378
9.900634058
9.922957124
9.945278113
9.967596412
9.989912006
10.01222536
10.03453583
10.05684359
10.07914878
10.10145092
10.12375052
10.14604703
10.16834045
10.19063126
10.21291879
10.23520309
10.2574846
10.27976264
10.3020376
10.32430925
10.34657734
10.3688424
10.39110392
10.41336168
10.4356163
10.45786713
10.48011434
10.50235807
10.52459778
10.5468339
10.56906635
10.59129464
10.61351923
10.63573982
10.65795622
10.68016902
10.70237741
10.72458151
10.74678183
10.76897767
10.79116926
10.8133567
10.83553946
10.85771797
10.87989219
10.90206165
10.92422675
10.94638718
10.96854275
10.99069404
11.01284048
11.03498194
11.0571189
11.07925076
11.10137765
11.12349996
11.14561705
11.16772902
11.18983617
11.2119379
11.23403453
11.25612623
11.2782124
11.30029344
11.32236914
11.34443919
11.36650404
11.38856352
11.41061723
11.43266571
11.45470858
11.47674541
11.49877693
11.52080265
11.5428224
11.56483676
11.58684513
11.60884742
11.63084417
11.65283467
11.674819
11.69679767
11.71877008
11.7407362
11.76269659
11.78465055
11.80659807
11.82853973
11.85047472
11.87240322
11.89432572
11.91624154
11.93815076
11.96005385
11.98195014
12.00383966
12.02572305
12.04759942
12.06946882
12.09133194
12.11318798
12.13503707
12.15687968
12.17871515
12.20054352
12.22236532
12.24417988
12.26598716
12.28778784
12.30958113
12.33136703
12.35314612
12.37491771
12.39668181
12.41843898
12.44018865
12.46193068
12.48366566
12.50539308
12.52711274
12.54882517
12.57053001
12.59222697
12.61391652
12.63559846
12.65727238
12.67893872
12.70059743
12.72224801
12.74389082
12.76552597
12.78715289
12.80877182
12.83038312
12.85198606
12.87358077
12.89516792
12.91674658
12.93831686
12.95987944
12.9814335
13.00297906
13.02451671
13.04604589
13.06756644
13.08907887
13.11058288
13.13207812
13.15356501
13.17504356
13.19651319
13.21797419
13.23942696
13.26087071
13.28230555
13.30373224
13.32514981
13.34655835
13.3679585
13.38934963
13.41073159
13.43210489
13.45346929
13.4748244
13.49617057
13.51750795
13.53883593
13.56015473
13.58146476
13.60276535
13.62405653
13.64533889
13.66661182
13.68787519
13.7091295
13.73037452
13.75160985
13.77283577
13.79405264
13.81525957
13.83645675
13.85764495
13.87882327
13.89999176
13.92115109
13.94230116
13.96344168
13.98457303
14.00569538
14.02680805
14.04791124
14.0690055
14.09009008
14.11116485
14.13223039
14.15328639
14.17433256
14.19536924
14.21639662
14.23741405
14.2584217
14.27942009
14.30040855
14.32138703
14.34235584
14.36331483
14.38426369
14.40520269
14.42613217
14.44705146
14.46796062
14.48886021
14.50974973
14.53062878
14.55149774
14.57235689
14.59320563
14.6140441
14.63487286
14.65569125
14.67649918
14.69729697
14.71808442
14.73886127
14.75962773
14.78038428
14.80113025
14.82186558
14.84259079
14.86330524
14.88400891
14.90470204
14.92538508
14.94605735
14.96671882
14.9873699
15.00801009
15.02863933
15.04925787
15.06986615
15.0904635
15.11104987
15.1316253
15.15219004
15.17274365
15.19328636
15.21381868
15.23433992
15.2548495
15.2753483
15.29583641
15.31631325
15.33677894
15.35723399
15.37767736
15.39810941
15.41853047
15.43894086
15.45933979
15.47972683
15.50010303
15.52046803
15.54082153
15.56116371
15.58149483
15.60181408
15.62212182
15.64241849
15.66270408
15.68297748
15.70323911
15.72348989
15.74372911
15.76395663
15.78417208
15.80437638
15.82456891
15.84474971
15.86491912
15.8850765
15.90522201
15.92535582
15.9454785
15.9655888
15.98568698
16.00577352
16.02584885
16.04591189
16.0659624
16.08600145
16.10602898
16.12604434
16.1460469
16.16603814
16.18601751
16.20598476
16.22593916
16.2458822
16.2658131
16.28573185
16.30563791
16.32553229
16.34541442
16.36528438
16.38514168
16.4049871
16.42482019
16.44464099
16.46444925
16.48424537
16.50402913
16.52380034
16.54355929
16.56330585
16.58304001
16.60276139
16.62247059
16.64216731
16.66185159
16.68152278
16.70118193
16.72082856
16.7404623
16.76008327
16.77969215
16.79928841
16.81887115
16.83844177
16.85800008
16.87754528
16.89707711
16.91659711
16.9361046
16.95559815
16.97507914
16.99454818
17.0140038
17.03344615
17.05287598
17.07229348
17.09169723
17.11108822
17.13046658
17.14983169
17.16918389
17.18852329
17.20784904
17.22716234
17.24646278
17.2657494
17.28502302
17.30428443
17.32353208
17.34276613
17.36198767
17.38119627
17.40039097
17.41957277
17.43874144
17.45789675
17.47703903
17.49616774
17.5152829
17.53438567
17.55347466
17.57254968
17.59161211
17.61066133
17.62969649
17.64871863
17.66772722
17.68672252
17.70570466
17.72467256
17.74362718
17.76256936
17.78149683
17.80041089
17.81931217
17.83819919
17.85707296
17.87593317
17.89477915
17.91361259
17.93243195
17.95123709
17.97002924
17.98880771
18.00757229
18.02632363
18.04506008
18.06378399
18.08249407
18.10118949
18.11987183
18.13854043
18.15719506
18.17583638
18.19446248
18.2130761
18.23167574
18.25026074
18.26883251
18.28739003
18.30593402
18.32446416
18.34297935
18.36148179
18.37996987
18.39844377
18.41690406
18.43534953
18.45378223
18.4722001
18.49060373
18.50899399
18.52736967
18.54573185
18.56407917
18.58241246
18.60073268
18.61903763
18.6373291
18.65560554
18.6738687
18.69211787
18.71035189
18.72857252
18.74677813
18.76497049
18.78314808
18.80131101
18.81946053
18.83759515
18.8557162
18.87382186
18.89191367
18.90999172
18.92805485
18.94610422
18.96413786
18.98215877
19.0001644
19.01815588
19.03613266
19.05409505
19.07204403
19.08997724
19.10789694
19.12580098
19.14369199
19.16156772
19.17942896
19.19727565
19.215108
19.23292654
19.25072919
19.26851834
19.28629181
19.30405218
19.32179685
19.33952724
19.35724275
19.37494425
19.39263119
19.41030269
19.42796018
19.44560246
19.46323147
19.48084398
19.49844296
19.5160262
19.53359617
19.55115038
19.56869021
19.58621476
19.60372542
19.62122119
19.63870177
19.6561677
19.67361857
19.69105573
19.70847698
19.72588407
19.74327528
19.76065333
19.77801515
19.79536323
19.81269477
19.83001326
19.84731564
19.86460432
19.88187642
19.89913489
19.91637781
19.93360688
19.95081951
19.96801819
19.98520105
20.00237044
20.01952341
20.03666228
20.05378499
20.07089437
20.08798755
20.10506654
20.12212917
20.13917812
20.15621132
20.17323039
20.19023284
20.20722148
20.22419415
20.24115328
20.25809538
20.27502383
20.29193563
20.30883435
20.32571626
20.3425841
20.35943544
20.37627314
20.39309492
20.40990202
20.42669311
20.44346936
20.46023086
20.47697708
20.49370789
20.51042303
20.52712358
20.54380878
20.5604793
20.57713321
20.5937731
20.6103966
20.62700654
20.64359946
20.66017815
20.67674066
20.69328913
20.70982186
20.72633913
20.74284118
20.75932763
20.77580009
20.79225582
20.80869752
20.82512196
20.84153296
20.85792779
20.87430772
20.89067175
20.90702031
20.9233546
20.93967266
20.95597632
20.97226279
20.98853526
21.00479192
21.02103373
21.03725954
21.05346967
21.06966511
21.08584474
21.10201003
21.11815789
21.13429147
21.15040919
21.1665121
21.18259954
21.19867051
21.21472725
21.23076717
21.24679314
21.26280252
21.27879646
21.29477524
21.31073818
21.32668696
21.34261824
21.35853495
21.37443568
21.39032137
21.40619224
21.42204588
21.43788512
21.45370777
21.46951597
21.48530866
21.50108464
21.5168462
21.53259073
21.54832118
21.56403566
21.57973378
21.59541743
21.61108378
21.62673629
21.64237252
21.65799256
21.67359805
21.68918623
21.70476055
21.72031852
21.7358603
21.75138751
21.76689739
21.78239332
21.79787303
21.81333631
21.82878499
21.84421663
21.85963394
21.87503538
21.89041998
21.90578994
21.92114329
21.9364818
21.95180498
21.9671107
21.98240173
21.9976768
22.01293632
22.02818096
22.04340789
22.05861983
22.0738166
22.08899694
22.10416237
22.11931105
22.13444369
22.1495619
22.16466315
22.17974918
22.19481963
22.2098728
22.22491149
22.23993446
22.25494092
22.26993245
22.28490671
22.29986567
22.3148104
22.32973714
22.34464888
22.35954496
22.37442401
22.38928884
22.40413741
22.4189692
22.43378604
22.44858611
22.46337083
22.47814073
22.49289304
22.50762973
22.52235147
22.53705605
22.55174574
22.56642002
22.5810764
22.59571781
22.61034417
22.62495349
22.63954762
22.65412577
22.66868667
22.68323295
22.69776369
22.71227727
22.72677567
22.74125778
22.75572324
22.77017427
22.78460895
22.79902661
22.81342913
22.82781538
22.84218548
22.85654058
22.87087924
22.88520082
22.89950727
22.91379818
22.92807232
22.94233113
22.95657386
22.97079922
22.98500979
22.99920524
23.01338291
23.02754527
23.04169223
23.05582134
23.06993591
23.08403533
23.09811669
23.11218243
23.12623295
23.14026675
23.15428479
23.16828739
23.18227309
23.1962421
23.21019619
23.22413473
23.23805581
23.25196147
23.26585164
23.27972387
23.29358146
23.30742384
23.32124852
23.33505709
23.34885032
23.36262743
23.37638808
23.39013319
23.40386254
23.41757388
23.43127008
23.44495159
23.45861562
23.47226332
23.48589555
23.4995115
23.5131107
23.52669486
23.5402634
23.55381391
23.56734863
23.58086814
23.5943718
23.60785826
23.62132912
23.63478445
23.64822181
23.66164405
23.67505117
23.68844157
23.70181462
23.71517216
23.72851435
23.74183973
23.75514888
23.76844238
23.78171975
23.79497939
23.80822408
23.82145366
23.83466601
23.84786143
23.86104127
23.8742056
23.88735308
23.90048443
23.91360008
23.9266997
23.93978138
23.95284797
23.96589951
23.97893429
23.99195162
24.0049533
24.01793941
24.03090927
24.0438624
24.05679974
24.06972136
24.08262543
24.09551342
24.1083864
24.12124369
24.134083
24.1469061
24.15971355
24.17250594
24.18528075
24.1980394
24.21078225
24.22350938
24.23621861
24.24891256
24.26159098
24.27425354
24.28689804
24.29952646
24.31213946
24.32473743
24.3373176
24.34988133
24.36242926
24.37496146
24.38747671
24.39997594
24.41245921
24.42492662
24.43737704
24.4498104
24.46222861
24.47463141
24.48701769
24.49938612
24.51173873
24.5240756
24.53639762
24.54870154
24.56098931
24.57326119
24.58551725
24.59775625
24.60997927
24.62218637
24.6343775
24.64655236
24.65870929
24.67085077
24.68297705
24.69508741
24.70718015
24.71925617
24.73131635
24.7433612
24.7553904
24.76740147
24.77939658
24.79137576
24.80333908
24.81528589
24.82721613
24.83913032
24.85102849
24.86291071
24.87477519
24.88662394
24.89845719
24.91027435
24.92207536
24.93385822
24.94562525
24.95737701
24.96911318
24.98083274
24.99253447
25.00422022
25.01589007
25.02754483
25.03918314
25.05080372
25.06240827
25.07399685
25.08556951
25.09712638
25.10866587
25.12018924
25.13169655
25.14318786
25.15466278
25.16612077
25.17756299
25.18898907
25.20039905
25.21179295
25.22316885
25.23452941
25.24587428
25.25720298
25.26851559
25.27981053
25.29108901
25.3023521
25.31359957
25.32483085
25.33604521
25.34724215
25.35842312
25.36958872
25.38073872
25.39187251
25.40298828
25.41408773
25.42517118
25.4362392
25.44729162
25.45832729
25.46934529
25.48034719
25.49133306
25.50230339
25.51325821
25.52419574
25.53511615
25.54602045
25.5569087
25.56778127
25.57863844
25.58947805
25.60030085
25.61110752
25.62189811
25.63267281
25.64343228
25.65417425
25.66489941
25.6756084
25.68630128
25.69697813
25.70763982
25.71828436
25.72891184
25.73952312
25.75011829
25.76069739
25.77126108
25.78180845
25.79233823
25.8028518
25.81334921
25.82383052
25.83429618
25.84474636
25.85517871
25.86559452
25.87599415
25.88637767
25.8967453
25.90709759
25.91743336
25.92775142
25.93805329
25.948339
25.95860861
25.96886289
25.97910133
25.98932272
25.99952678
26.00971466
26.01988643
26.03004259
26.04018316
26.0503077
26.06041553
26.07050633
26.08058121
26.09064045
26.10068441
26.11071262
26.12072476
26.13072066
26.14069913
26.15066177
26.16060905
26.17054092
26.18045668
26.19035639
26.20024012
26.21010691
26.2199574
26.22979284
26.23961223
26.24941556
26.25920288
26.26897423
26.27872967
26.28846866
26.29819173
26.30789868
26.31758958
26.32726449
26.33692348
26.34656689
26.35619508
26.36580608
26.37540059
26.3849791
26.39454164
26.40408828
26.41361973
26.42313554
26.43263524
26.44211841
26.45158452
26.46103468
26.47046926
26.47988858
26.48929192
26.49867915
26.50805034
26.51740556
26.52674418
26.53606673
26.54537376
26.55466466
26.56393949
26.5731983
26.58244113
26.59166815
26.60088014
26.61007588
26.61925438
26.62841681
26.63756325
26.64669376
26.65580882
26.66490846
26.67399204
26.68305954
26.69211099
26.70114588
26.71016415
26.71916713
26.72815449
26.73712572
26.74608085
26.75501995
26.76394309
26.77285045
26.78174272
26.79061896
26.79947785
26.80832068
26.81714752
26.8259584
26.83475376
26.84353376
26.85229773
26.8610456
26.8697774
26.87849319
26.88719302
26.89587648
26.90454435
26.91319605
26.92183166
26.93045124
26.93905483
26.94764258
26.95621509
26.96477188
26.97331253
26.98183711
26.99034564
26.99883714
27.0073128
27.01577335
27.02421799
27.03264649
27.04105892
27.04945532
27.05783577
27.06620063
27.07455016
27.08288373
27.09120118
27.09950258
27.10778708
27.11605551
27.12430827
27.13254597
27.14076751
27.14897295
27.15716233
27.16533571
27.17349314
27.18163519
27.18976176
27.1978723
27.20596673
27.21404509
27.2221072
27.23015277
27.23818287
27.24619765
27.25419629
27.26217886
27.27014538
27.2780959
27.2860305
27.29394978
27.30185359
27.3097413
27.31761291
27.32546849
27.33330808
27.34113176
27.34894013
27.35673246
27.36450844
27.37226834
27.38001223
27.38774015
27.39545218
27.40314876
27.41083003
27.41849518
27.42614424
27.43377727
27.44139433
27.44899547
27.45658133
27.46415166
27.47170597
27.4792442
27.48676641
27.49427266
27.50176298
27.50923724
27.51669623
27.5241391
27.53156592
27.53897671
27.54637154
27.55375044
27.56111383
27.56846204
27.57579422
27.58311032
27.5904104
27.59769453
27.60496275
27.61221544
27.61945279
27.62667431
27.63387976
27.6410692
27.64824267
27.65540022
27.66254193
27.66966877
27.67677971
27.68387456
27.69095338
27.69801584
27.7050623
27.71209298
27.71910854
27.72610847
27.73309233
27.74006016
27.74701206
27.75394803
27.76086819
27.76777295
27.77466245
27.78153589
27.78839331
27.79523475
27.80206027
27.80886992
27.81566416
27.82244312
27.82920619
27.83595324
27.8426843
27.84939945
27.85609874
27.8627824
27.86945087
27.87610365
27.88274041
27.8893612
27.89596606
27.90255502
27.90912816
27.91568623
27.92222877
27.92875532
27.93526589
27.94176051
27.94823925
27.95470217
27.96114966
27.967582
27.97399843
27.98039886
27.98678337
27.99315199
27.99950476
28.00584173
28.01216389
28.01847029
28.02476071
28.03103518
28.03729374
28.04353645
28.04976336
28.05597501
28.06217149
28.06835197
28.0745165
28.08066511
28.08679789
28.09291486
28.09901606
28.10510259
28.11117583
28.11723717
28.12328798
28.12932965
28.13536356
28.14139109
28.14741362
28.15343253
28.15944921
28.16546503
28.17148138
0.609802738
0.609265238
0.608727737
0.608190236
0.607652735
0.607115234
0.606577733
0.606040233
0.605502732
0.604965231
0.60442773
0.603890229
0.603352729
0.602815228
0.602277727
0.601740226
0.601202725
0.600665224
0.600127724
0.599590223
0.599052722
0.598515221
0.59797772
0.59744022
0.596902719
0.596365218
0.595827717
0.595290216
0.594752715
0.594215215
0.593677714
0.593140213
0.592602712
0.592065211
0.59152771
0.59099021
0.590452709
0.589915208
0.589377707
0.588840206
0.588302706
0.587765205
0.587227704
0.586690203
0.586152702
0.585615201
0.585077701
0.5845402
0.584002699
0.583465198
0.582927697
0.582390197
0.581852696
0.581315195
0.580777694
0.580240193
0.579702692
0.579165192
0.578627691
0.57809019
0.577552689
0.577015188
0.576477688
0.575940187
0.575402686
0.574865185
0.574327684
0.573790183
0.573252683
0.572715182
0.572177681
0.57164018
0.571102679
0.570565179
0.570027678
0.569490177
0.568952676
0.568415175
0.567877674
0.567340174
0.566802673
0.566265172
0.565727671
0.56519017
0.56465267
0.564115169
0.563577668
0.563040167
0.562502666
0.561965165
0.561427665
0.560890164
0.560352663
0.559815162
0.559277661
0.558740161
0.55820266
0.557665159
0.557127658
0.556590157
0.556052656
0.555515156
0.554977655
0.554440154
0.553902653
0.553365152
0.552827652
0.552290151
0.55175265
0.551215149
0.550677648
0.550140147
0.549602647
0.549065146
0.548527645
0.547990144
0.547452643
0.546915143
0.546377642
0.545840141
0.54530264
0.544765139
0.544227638
0.543690138
0.543152637
0.542615136
0.542077635
0.541540134
0.541002634
0.540465133
0.539927632
0.539390131
0.53885263
0.538315129
0.537777629
0.537240128
0.536702627
0.536165126
0.535627625
0.535090124
0.534552624
0.534015123
0.533477622
0.532940121
0.53240262
0.53186512
0.531327619
0.530790118
0.530252617
0.529715116
0.529177615
0.528640115
0.528102614
0.527565113
0.527027612
0.526490111
0.525952611
0.52541511
0.524877609
0.524340108
0.523802607
0.523265106
0.522727606
0.522190105
0.521652604
0.521115103
0.520577602
0.520040102
0.519502601
0.5189651
0.518427599
0.517890098
0.517352597
0.516815097
0.516277596
0.515740095
0.515202594
0.514665093
0.514127593
0.513590092
0.513052591
0.51251509
0.511977589
0.511440088
0.510902588
0.510365087
0.509827586
0.509290085
0.508752584
0.508215084
0.507677583
0.507140082
0.506602581
0.50606508
0.505527579
0.504990079
0.504452578
0.503915077
0.503377576
0.502840075
0.502302575
0.501765074
0.501227573
0.500690072
0.500152571
0.49961507
0.49907757
0.498540069
0.498002568
0.497465067
0.496927566
0.496390066
0.495852565
0.495315064
0.494777563
0.494240062
0.493702561
0.493165061
0.49262756
0.492090059
0.491552558
0.491015057
0.490477557
0.489940056
0.489402555
0.488865054
0.488327553
0.487790052
0.487252552
0.486715051
0.48617755
0.485640049
0.485102548
0.484565048
0.484027547
0.483490046
0.482952545
0.482415044
0.481877543
0.481340043
0.480802542
0.480265041
0.47972754
0.479190039
0.478652539
0.478115038
0.477577537
0.477040036
0.476502535
0.475965034
0.475427534
0.474890033
0.474352532
0.473815031
0.47327753
0.472740029
0.472202529
0.471665028
0.471127527
0.470590026
0.470052525
0.469515025
0.468977524
0.468440023
0.467902522
0.467365021
0.46682752
0.46629002
0.465752519
0.465215018
0.464677517
0.464140016
0.463602516
0.463065015
0.462527514
0.461990013
0.461452512
0.460915011
0.460377511
0.45984001
0.459302509
0.458765008
0.458227507
0.457690007
0.457152506
0.456615005
0.456077504
0.455540003
0.455002502
0.454465002
0.453927501
0.45339
0.452852499
0.452314998
0.451777498
0.451239997
0.450702496
0.450164995
0.449627494
0.449089993
0.448552493
0.448014992
0.447477491
0.44693999
0.446402489
0.445864989
0.445327488
0.444789987
0.444252486
0.443714985
0.443177484
0.442639984
0.442102483
0.441564982
0.441027481
0.44048998
0.43995248
0.439414979
0.438877478
0.438339977
0.437802476
0.437264975
0.436727475
0.436189974
0.435652473
0.435114972
0.434577471
0.434039971
0.43350247
0.432964969
0.432427468
0.431889967
0.431352466
0.430814966
0.430277465
0.429739964
0.429202463
0.428664962
0.428127462
0.427589961
0.42705246
0.426514959
0.425977458
0.425439957
0.424902457
0.424364956
0.423827455
0.423289954
0.422752453
0.422214953
0.421677452
0.421139951
0.42060245
0.420064949
0.419527448
0.418989948
0.418452447
0.417914946
0.417377445
0.416839944
0.416302444
0.415764943
0.415227442
0.414689941
0.41415244
0.413614939
0.413077439
0.412539938
0.412002437
0.411464936
0.410927435
0.410389934
0.409852434
0.409314933
0.408777432
0.408239931
0.40770243
0.40716493
0.406627429
0.406089928
0.405552427
0.405014926
0.404477425
0.403939925
0.403402424
0.402864923
0.402327422
0.401789921
0.401252421
0.40071492
0.400177419
0.399639918
0.399102417
0.398564916
0.398027416
0.397489915
0.396952414
0.396414913
0.395877412
0.395339912
0.394802411
0.39426491
0.393727409
0.393189908
0.392652407
0.392114907
0.391577406
0.391039905
0.390502404
0.389964903
0.389427403
0.388889902
0.388352401
0.3878149
0.387277399
0.386739898
0.386202398
0.385664897
0.385127396
0.384589895
0.384052394
0.383514894
0.382977393
0.382439892
0.381902391
0.38136489
0.380827389
0.380289889
0.379752388
0.379214887
0.378677386
0.378139885
0.377602385
0.377064884
0.376527383
0.375989882
0.375452381
0.37491488
0.37437738
0.373839879
0.373302378
0.372764877
0.372227376
0.371689876
0.371152375
0.370614874
0.370077373
0.369539872
0.369002371
0.368464871
0.36792737
0.367389869
0.366852368
0.366314867
0.365777367
0.365239866
0.364702365
0.364164864
0.363627363
0.363089862
0.362552362
0.362014861
0.36147736
0.360939859
0.360402358
0.359864858
0.359327357
0.358789856
0.358252355
0.357714854
0.357177353
0.356639853
0.356102352
0.355564851
0.35502735
0.354489849
0.353952348
0.353414848
0.352877347
0.352339846
0.351802345
0.351264844
0.350727344
0.350189843
0.349652342
0.349114841
0.34857734
0.348039839
0.347502339
0.346964838
0.346427337
0.345889836
0.345352335
0.344814835
0.344277334
0.343739833
0.343202332
0.342664831
0.34212733
0.34158983
0.341052329
0.340514828
0.339977327
0.339439826
0.338902326
0.338364825
0.337827324
0.337289823
0.336752322
0.336214821
0.335677321
0.33513982
0.334602319
0.334064818
0.333527317
0.332989817
0.332452316
0.331914815
0.331377314
0.330839813
0.330302312
0.329764812
0.329227311
0.32868981
0.328152309
0.327614808
0.327077308
0.326539807
0.326002306
0.325464805
0.324927304
0.324389803
0.323852303
0.323314802
0.322777301
0.3222398
0.321702299
0.321164799
0.320627298
0.320089797
0.319552296
0.319014795
0.318477294
0.317939794
0.317402293
0.316864792
0.316327291
0.31578979
0.31525229
0.314714789
0.314177288
0.313639787
0.313102286
0.312564785
0.312027285
0.311489784
0.310952283
0.310414782
0.309877281
0.309339781
0.30880228
0.308264779
0.307727278
0.307189777
0.306652276
0.306114776
0.305577275
0.305039774
0.304502273
0.303964772
0.303427272
0.302889771
0.30235227
0.301814769
0.301277268
0.300739767
0.300202267
0.299664766
0.299127265
0.298589764
0.298052263
0.297514763
0.296977262
0.296439761
0.29590226
0.295364759
0.294827258
0.294289758
0.293752257
0.293214756
0.292677255
0.292139754
0.291602253
0.291064753
0.290527252
0.289989751
0.28945225
0.288914749
0.288377249
0.287839748
0.287302247
0.286764746
0.286227245
0.285689744
0.285152244
0.284614743
0.284077242
0.283539741
0.28300224
0.28246474
0.281927239
0.281389738
0.280852237
0.280314736
0.279777235
0.279239735
0.278702234
0.278164733
0.277627232
0.277089731
0.276552231
0.27601473
0.275477229
0.274939728
0.274402227
0.273864726
0.273327226
0.272789725
0.272252224
0.271714723
0.271177222
0.270639722
0.270102221
0.26956472
0.269027219
0.268489718
0.267952217
0.267414717
0.266877216
0.266339715
0.265802214
0.265264713
0.264727213
0.264189712
0.263652211
0.26311471
0.262577209
0.262039708
0.261502208
0.260964707
0.260427206
0.259889705
0.259352204
0.258814704
0.258277203
0.257739702
0.257202201
0.2566647
0.256126533
0.25558663
0.255045021
0.254501736
0.253956805
0.253410256
0.252862119
0.252312424
0.251761198
0.251208472
0.250654273
0.25009863
0.249541572
0.248983127
0.248423323
0.247862187
0.247299749
0.246736035
0.246171073
0.245604891
0.245037515
0.244468973
0.243899292
0.243328499
0.24275662
0.242183682
0.241609712
0.241034735
0.240458777
0.239881865
0.239304025
0.238725281
0.238145661
0.237565187
0.236983887
0.236401785
0.235818906
0.235235275
0.234650915
0.234065853
0.233480111
0.232893714
0.232306686
0.231719051
0.231130833
0.230542054
0.229952738
0.229362909
0.228772589
0.228181802
0.227590569
0.226998914
0.226406859
0.225814426
0.225221638
0.224628515
0.224035081
0.223441356
0.222847362
0.22225312
0.221658652
0.221063978
0.220469119
0.219874097
0.219278931
0.218683641
0.218088249
0.217492773
0.216897235
0.216301653
0.215706047
0.215110437
0.214514842
0.213919281
0.213323773
0.212728337
0.212132991
0.211537754
0.210942644
0.210347679
0.209752878
0.209158258
0.208563838
0.207969633
0.207375663
0.206781944
0.206188493
0.205595328
0.205002464
0.20440992
0.20381771
0.203225852
0.202634362
0.202043255
0.201452548
0.200862257
0.200272396
0.199682982
0.19909403
0.198505555
0.197917571
0.197330094
0.196743139
0.19615672
0.195570851
0.194985546
0.194400821
0.193816688
0.193233162
0.192650256
0.192067984
0.19148636
0.190905395
0.190325105
0.189745501
0.189166596
0.188588403
0.188010936
0.187434205
0.186858224
0.186283004
0.185708558
0.185134897
0.184562033
0.183989978
0.183418743
0.18284834
0.182278779
0.181710072
0.18114223
0.180575263
0.180009183
0.179443998
0.178879721
0.178316362
0.17775393
0.177192435
0.176631887
0.176072297
0.175513673
0.174956026
0.174399364
0.173843696
0.173289033
0.172735383
0.172182755
0.171631157
0.171080598
0.170531087
0.169982632
0.169435241
0.168888923
0.168343686
0.167799537
0.167256484
0.166714535
0.166173697
0.165633979
0.165095386
0.164557928
0.164021609
0.163486438
0.162952422
0.162419567
0.161887879
0.161357366
0.160828034
0.160299889
0.159772937
0.159247185
0.158722638
0.158199303
0.157677184
0.157156289
0.156636622
0.156118188
0.155600994
0.155085045
0.154570345
0.1540569
0.153544714
0.153033794
0.152524142
0.152015765
0.151508666
0.15100285
0.150498322
0.149995086
0.149493145
0.148992504
0.148493168
0.147995139
0.147498423
0.147003021
0.146508939
0.146016179
0.145524746
0.145034642
0.144545871
0.144058435
0.143572339
0.143087585
0.142604176
0.142122115
0.141641404
0.141162047
0.140684045
0.140207402
0.13973212
0.139258201
0.138785647
0.138314461
0.137844645
0.137376201
0.13690913
0.136443435
0.135979118
0.135516179
0.135054622
0.134594447
0.134135656
0.13367825
0.133222231
0.1327676
0.132314358
0.131862506
0.131412046
0.130962979
0.130515305
0.130069025
0.12962414
0.129180651
0.128738558
0.128297862
0.127858564
0.127420664
0.126984163
0.12654906
0.126115357
0.125683053
0.125252148
0.124822644
0.124394538
0.123967833
0.123542527
0.12311862
0.122696113
0.122275004
0.121855294
0.121436983
0.121020069
0.120604553
0.120190434
0.119777711
0.119366384
0.118956452
0.118547914
0.118140769
0.117735017
0.117330657
0.116927688
0.116526108
0.116125917
0.115727114
0.115329697
0.114933666
0.114539018
0.114145754
0.113753871
0.113363368
0.112974244
0.112586497
0.112200126
0.111815129
0.111431505
0.111049252
0.110668368
0.110288852
0.109910702
0.109533915
0.109158491
0.108784428
0.108411723
0.108040374
0.10767038
0.107301739
0.106934448
0.106568506
0.10620391
0.105840657
0.105478747
0.105118177
0.104758944
0.104401046
0.104044481
0.103689246
0.10333534
0.102982758
0.102631501
0.102281563
0.101932944
0.101585641
0.10123965
0.10089497
0.100551598
0.100209531
0.099868767
0.099529302
0.099191134
0.09885426
0.098518678
0.098184384
0.097851376
0.097519651
0.097189205
0.096860037
0.096532143
0.096205521
0.095880166
0.095556076
0.095233249
0.094911681
0.094591369
0.094272309
0.0939545
0.093637937
0.093322617
0.093008538
0.092695696
0.092384088
0.092073711
0.091764561
0.091456635
0.09114993
0.090844443
0.09054017
0.090237108
0.089935253
0.089634603
0.089335154
0.089036902
0.088739844
0.088443977
0.088149297
0.0878558
0.087563484
0.087272345
0.086982379
0.086693583
0.086405953
0.086119486
0.085834179
0.085550027
0.085267027
0.084985176
0.084704469
0.084424904
0.084146477
0.083869185
0.083593022
0.083317987
0.083044075
0.082771283
0.082499607
0.082229043
0.081959588
0.081691238
0.081423989
0.081157839
0.080892782
0.080628815
0.080365935
0.080104138
0.07984342
0.079583778
0.079325207
0.079067704
0.078811266
0.078555888
0.078301567
0.078048299
0.07779608
0.077544907
0.077294776
0.077045682
0.076797623
0.076550595
0.076304593
0.076059614
0.075815655
0.075572711
0.075330778
0.075089854
0.074849933
0.074611013
0.07437309
0.074136159
0.073900217
0.073665261
0.073431286
0.073198289
0.072966266
0.072735212
0.072505126
0.072276002
0.072047836
0.071820626
0.071594367
0.071369056
0.071144688
0.07092126
0.070698769
0.07047721
0.07025658
0.070036875
0.069818091
0.069600225
0.069383272
0.06916723
0.068952093
0.068737859
0.068524524
0.068312085
0.068100536
0.067889875
0.067680099
0.067471202
0.067263182
0.067056035
0.066849757
0.066644344
0.066439793
0.066236101
0.066033262
0.065831275
0.065630135
0.065429838
0.065230381
0.06503176
0.064833971
0.064637012
0.064440878
0.064245565
0.064051071
0.063857391
0.063664522
0.06347246
0.063281202
0.063090744
0.062901082
0.062712213
0.062524134
0.062336841
0.06215033
0.061964598
0.061779641
0.061595456
0.061412039
0.061229387
0.061047496
0.060866363
0.060685985
0.060506357
0.060327476
0.06014934
0.059971944
0.059795285
0.059619359
0.059444164
0.059269696
0.059095951
0.058922926
0.058750618
0.058579023
0.058408138
0.058237959
0.058068484
0.057899708
0.057731629
0.057564244
0.057397548
0.057231539
0.057066213
0.056901568
0.056737599
0.056574304
0.056411679
0.056249721
0.056088427
0.055927794
0.055767818
0.055608496
0.055449826
0.055291803
0.055134425
0.054977688
0.05482159
0.054666127
0.054511296
0.054357095
0.054203519
0.054050566
0.053898233
0.053746516
0.053595413
0.053444921
0.053295036
0.053145755
0.052997077
0.052848996
0.052701511
0.052554619
0.052408316
0.052262599
0.052117466
0.051972914
0.051828939
0.051685539
0.051542711
0.051400452
0.051258759
0.05111763
0.05097706
0.050837048
0.050697591
0.050558686
0.050420329
0.050282519
0.050145252
0.050008525
0.049872337
0.049736683
0.049601562
0.04946697
0.049332905
0.049199364
0.049066344
0.048933843
0.048801858
0.048670387
0.048539425
0.048408972
0.048279024
0.048149579
0.048020634
0.047892186
0.047764233
0.047636773
0.047509802
0.047383318
0.047257319
0.047131801
0.047006764
0.046882203
0.046758116
0.046634502
0.046511357
0.046388679
0.046266465
0.046144714
0.046023422
0.045902587
0.045782207
0.045662279
0.045542802
0.045423771
0.045305186
0.045187044
0.045069342
0.044952078
0.04483525
0.044718856
0.044602893
0.044487358
0.04437225
0.044257566
0.044143304
0.044029462
0.043916037
0.043803028
0.043690432
0.043578246
0.043466469
0.043355098
0.043244132
0.043133568
0.043023403
0.042913637
0.042804265
0.042695288
0.042586701
0.042478504
0.042370694
0.042263269
0.042156228
0.042049567
0.041943284
0.041837379
0.041731848
0.041626691
0.041521904
0.041417485
0.041313434
0.041209747
0.041106423
0.04100346
0.040900855
0.040798608
0.040696715
0.040595176
0.040493988
0.040393149
0.040292658
0.040192512
0.040092709
0.039993249
0.039894128
0.039795345
0.039696899
0.039598787
0.039501008
0.039403559
0.03930644
0.039209648
0.039113181
0.039017038
0.038921217
0.038825716
0.038730533
0.038635668
0.038541117
0.03844688
0.038352954
0.038259338
0.038166031
0.03807303
0.037980334
0.037887942
0.037795851
0.03770406
0.037612568
0.037521372
0.037430472
0.037339865
0.03724955
0.037159526
0.037069791
0.036980343
0.036891181
0.036802303
0.036713707
0.036625393
0.036537359
0.036449603
0.036362123
0.036274919
0.036187989
0.03610133
0.036014943
0.035928825
0.035842975
0.035757391
0.035672073
0.035587018
0.035502225
0.035417693
0.035333421
0.035249407
0.035165649
0.035082147
0.034998898
0.034915903
0.034833158
0.034750664
0.034668418
0.034586419
0.034504667
0.034423159
0.034341895
0.034260872
0.034180091
0.034099549
0.034019245
0.033939179
0.033859348
0.033779752
0.033700389
0.033621259
0.033542359
0.033463689
0.033385247
0.033307033
0.033229045
0.033151282
0.033073743
0.032996426
0.032919331
0.032842456
0.0327658
0.032689363
0.032613142
0.032537137
0.032461347
0.03238577
0.032310406
0.032235253
0.032160311
0.032085578
0.032011053
0.031936735
0.031862623
0.031788716
0.031715013
0.031641513
0.031568215
0.031495118
0.031422221
0.031349523
0.031277022
0.031204719
0.031132611
0.031060698
0.030988979
0.030917453
0.030846119
0.030774976
0.030704023
0.03063326
0.030562684
0.030492296
0.030422094
0.030352078
0.030282246
0.030212598
0.030143132
0.030073848
0.030004746
0.029935823
0.029867079
0.029798514
0.029730126
0.029661915
0.02959388
0.029526019
0.029458333
0.029390819
0.029323478
0.029256309
0.02918931
0.029122482
0.029055822
0.028989331
0.028923007
0.02885685
0.028790859
0.028725033
0.028659372
0.028593874
0.028528539
0.028463366
0.028398355
0.028333504
0.028268813
0.028204281
0.028139908
0.028075692
0.028011633
0.027947731
0.027883984
0.027820391
0.027756953
0.027693669
0.027630537
0.027567557
0.027504728
0.02744205
0.027379522
0.027317144
0.027254914
0.027192832
0.027130898
0.02706911
0.027007468
0.026945972
0.02688462
0.026823413
0.026762349
0.026701428
0.02664065
0.026580013
0.026519517
0.026459162
0.026398947
0.02633887
0.026278933
0.026219134
0.026159472
0.026099947
0.026040558
0.025981306
0.025922188
0.025863205
0.025804357
0.025745641
0.025687059
0.02562861
0.025570292
0.025512105
0.02545405
0.025396125
0.025338329
0.025280663
0.025223126
0.025165717
0.025108435
0.025051281
0.024994253
0.024937352
0.024880576
0.024823926
0.0247674
0.024710999
0.024654721
0.024598567
0.024542536
0.024486626
0.024430839
0.024375173
0.024319628
0.024264204
0.024208899
0.024153715
0.024098649
0.024043702
0.023988873
0.023934162
0.023879569
0.023825092
0.023770732
0.023716488
0.02366236
0.023608347
0.023554449
0.023500665
0.023446995
0.023393439
0.023339996
0.023286666
0.023233448
0.023180343
0.023127349
0.023074466
0.023021694
0.022969032
0.022916481
0.022864039
0.022811707
0.022759483
0.022707369
0.022655362
0.022603463
0.022551672
0.022499988
0.022448411
0.02239694
0.022345575
0.022294316
0.022243162
0.022192114
0.02214117
0.02209033
0.022039595
0.021988963
0.021938435
0.021888009
0.021837687
0.021787467
0.021737348
0.021687332
0.021637417
0.021587603
0.02153789
0.021488278
0.021438766
0.021389353
0.021340041
0.021290827
0.021241713
0.021192697
0.02114378
0.02109496
0.021046239
0.020997615
0.020949089
0.020900659
0.020852326
0.02080409
0.020755949
0.020707905
0.020659956
0.020612103
0.020564344
0.020516681
0.020469111
0.020421637
0.020374256
0.020326969
0.020279775
0.020232675
0.020185667
0.020138753
0.020091931
0.020045201
0.019998563
0.019952016
0.019905562
0.019859198
0.019812926
0.019766744
0.019720653
0.019674652
0.019628742
0.019582921
0.01953719
0.019491548
0.019445995
0.019400532
0.019355157
0.01930987
0.019264672
0.019219562
0.01917454
0.019129605
0.019084758
0.019039998
0.018995325
0.018950739
0.01890624
0.018861826
0.018817499
0.018773258
0.018729103
0.018685033
0.018641049
0.01859715
0.018553336
0.018509607
0.018465962
0.018422401
0.018378925
0.018335533
0.018292225
0.018249
0.018205859
0.018162801
0.018119826
0.018076934
0.018034125
0.017991399
0.017948754
0.017906192
0.017863712
0.017821314
0.017778998
0.017736762
0.017694609
0.017652536
0.017610545
0.017568634
0.017526804
0.017485054
0.017443385
0.017401796
0.017360287
0.017318858
0.017277508
0.017236238
0.017195047
0.017153936
0.017112903
0.01707195
0.017031075
0.016990279
0.016949561
0.016908921
0.01686836
0.016827876
0.01678747
0.016747142
0.016706892
0.016666719
0.016626623
0.016586604
0.016546663
0.016506798
0.016467009
0.016427297
0.016387662
0.016348103
0.01630862
0.016269213
0.016229881
0.016190626
0.016151446
0.016112341
0.016073312
0.016034358
0.015995478
0.015956674
0.015917945
0.01587929
0.015840709
0.015802203
0.015763772
0.015725414
0.01568713
0.015648921
0.015610784
0.015572722
0.015534733
0.015496817
0.015458975
0.015421206
0.015383509
0.015345886
0.015308335
0.015270857
0.015233452
0.015196119
0.015158858
0.015121669
0.015084553
0.015047508
0.015010535
0.014973634
0.014936804
0.014900046
0.014863359
0.014826744
0.0147902
0.014753726
0.014717324
0.014680992
0.014644731
0.01460854
0.01457242
0.014536371
0.014500391
0.014464482
0.014428643
0.014392874
0.014357174
0.014321544
0.014285984
0.014250494
0.014215072
0.01417972
0.014144438
0.014109224
0.014074079
0.014039003
0.014003996
0.013969058
0.013934188
0.013899387
0.013864653
0.013829989
0.013795392
0.013760864
0.013726403
0.01369201
0.013657685
0.013623428
0.013589239
0.013555116
0.013521062
0.013487074
0.013453154
0.0134193
0.013385514
0.013351795
0.013318142
0.013284556
0.013251037
0.013217584
0.013184198
0.013150878
0.013117624
0.013084437
0.013051315
0.01301826
0.01298527
0.012952346
0.012919488
0.012886695
0.012853968
0.012821306
0.01278871
0.012756179
0.012723713
0.012691312
0.012658976
0.012626704
0.012594498
0.012562356
0.012530279
0.012498266
0.012466318
0.012434434
0.012402615
0.012370859
0.012339168
0.01230754
0.012275977
0.012244477
0.012213041
0.012181669
0.01215036
0.012119115
0.012087933
0.012056814
0.012025759
0.011994767
0.011963837
0.011932971
0.011902167
0.011871427
0.011840749
0.011810133
0.011779581
0.01174909
0.011718662
0.011688296
0.011657993
0.011627751
0.011597572
0.011567454
0.011537399
0.011507405
0.011477473
0.011447602
0.011417793
0.011388045
0.011358359
0.011328734
0.011299171
0.011269668
0.011240226
0.011210846
0.011181526
0.011152267
0.011123069
0.011093931
0.011064854
0.011035837
0.011006881
0.010977985
0.010949149
0.010920374
0.010891658
0.010863003
0.010834407
0.010805871
0.010777395
0.010748979
0.010720622
0.010692325
0.010664087
0.010635908
0.010607789
0.010579729
0.010551728
0.010523786
0.010495903
0.010468079
0.010440313
0.010412607
0.010384959
0.010357369
0.010329838
0.010302365
0.010274951
0.010247595
0.010220297
0.010193057
0.010165875
0.010138751
0.010111685
0.010084677
0.010057726
0.010030833
0.010003997
0.009977219
0.009950498
0.009923835
0.009897229
0.00987068
0.009844188
0.009817753
0.009791374
0.009765053
0.009738788
0.009712581
0.009686429
0.009660334
0.009634296
0.009608314
0.009582388
0.009556519
0.009530705
0.009504948
0.009479246
0.009453601
0.009428011
0.009402477
0.009376999
0.009351576
0.009326209
0.009300897
0.009275641
0.00925044
0.009225294
0.009200203
0.009175167
0.009150186
0.00912526
0.009100389
0.009075573
0.009050811
0.009026104
0.009001451
0.008976853
0.008952309
0.008927819
0.008903384
0.008879002
0.008854675
0.008830402
0.008806182
0.008782017
0.008757905
0.008733847
0.008709842
0.008685891
0.008661993
0.008638149
0.008614358
0.00859062
0.008566935
0.008543303
0.008519725
0.008496199
0.008472726
0.008449305
0.008425938
0.008402623
0.00837936
0.00835615
0.008332992
0.008309887
0.008286833
0.008263832
0.008240883
0.008217986
0.00819514
0.008172347
0.008149605
0.008126915
0.008104277
0.00808169
0.008059154
0.00803667
0.008014237
0.007991855
0.007969525
0.007947245
0.007925017
0.007902839
0.007880712
0.007858636
0.007836611
0.007814636
0.007792711
0.007770838
0.007749014
0.007727241
0.007705518
0.007683845
0.007662222
0.007640649
0.007619126
0.007597653
0.00757623
0.007554856
0.007533532
0.007512257
0.007491032
0.007469857
0.00744873
0.007427653
0.007406625
0.007385646
0.007364716
0.007343834
0.007323002
0.007302219
0.007281484
0.007260797
0.00724016
0.00721957
0.007199029
0.007178537
0.007158092
0.007137696
0.007117348
0.007097048
0.007076795
0.007056591
0.007036434
0.007016325
0.006996264
0.00697625
0.006956283
0.006936364
0.006916493
0.006896668
0.006876891
0.006857161
0.006837477
0.006817841
0.006798252
0.006778709
0.006759213
0.006739763
0.006720361
0.006701004
0.006681694
0.006662431
0.006643213
0.006624042
0.006604917
0.006585837
0.006566804
0.006547817
0.006528875
0.006509979
0.006491129
0.006472324
0.006453565
0.006434851
0.006416183
0.006397559
0.006378981
0.006360448
0.00634196
0.006323517
0.006305119
0.006286766
0.006268457
0.006250193
0.006231974
0.006213799
0.006195668
0.006177582
0.00615954
0.006141542
0.006123589
0.006105679
0.006087813
0.006069991
0.006052213
0.006034479
0.006016789
0.005999142
0.005981538
0.005963978
0.005946461
0.005928988
0.005911558
0.00589417
0.005876826
0.005859525
0.005842267
0.005825052
0.005807879
0.005790749
0.005773662
0.005756617
0.005739614
0.005722654
0.005705737
0.005688861
0.005672028
0.005655237
0.005638487
0.00562178
0.005605114
0.005588491
0.005571908
0.005555368
0.005538869
0.005522412
0.005505996
0.005489621
0.005473287
0.005456995
0.005440744
0.005424534
0.005408364
0.005392236
0.005376148
0.005360101
0.005344095
0.005328129
0.005312204
0.00529632
0.005280475
0.005264671
0.005248907
0.005233183
0.005217499
0.005201856
0.005186252
0.005170688
0.005155163
0.005139679
0.005124234
0.005108828
0.005093462
0.005078135
0.005062848
0.0050476
0.005032391
0.005017221
0.00500209
0.004986998
0.004971945
0.00495693
0.004941955
0.004927018
0.004912119
0.00489726
0.004882438
0.004867655
0.00485291
0.004838203
0.004823535
0.004808904
0.004794312
0.004779757
0.00476524
0.004750761
0.00473632
0.004721916
0.00470755
0.004693221
0.00467893
0.004664676
0.004650459
0.004636279
0.004622137
0.004608031
0.004593963
0.004579931
0.004565936
0.004551978
0.004538057
0.004524172
0.004510323
0.004496511
0.004482736
0.004468997
0.004455294
0.004441627
0.004427996
0.004414401
0.004400842
0.00438732
0.004373832
0.004360381
0.004346965
0.004333585
0.00432024
0.004306931
0.004293657
0.004280419
0.004267215
0.004254047
0.004240914
0.004227816
0.004214753
0.004201724
0.004188731
0.004175772
0.004162848
0.004149958
0.004137103
0.004124283
0.004111496
0.004098744
0.004086027
0.004073343
0.004060694
0.004048078
0.004035497
0.004022949
0.004010435
0.003997955
0.003985509
0.003973096
0.003960716
0.00394837
0.003936058
0.003923779
0.003911533
0.00389932
0.00388714
0.003874994
0.00386288
0.003850799
0.003838751
0.003826736
0.003814754
0.003802804
0.003790886
0.003779002
0.003767149
0.003755329
0.003743541
0.003731786
0.003720062
0.003708371
0.003696711
0.003685084
0.003673488
0.003661924
0.003650392
0.003638892
0.003627423
0.003615985
0.003604579
0.003593205
0.003581862
0.00357055
0.003559269
0.003548019
0.0035368
0.003525613
0.003514456
0.00350333
0.003492235
0.00348117
0.003470137
0.003459133
0.003448161
0.003437218
0.003426306
0.003415425
0.003404573
0.003393752
0.003382961
0.0033722
0.003361469
0.003350767
0.003340096
0.003329454
0.003318843
0.00330826
0.003297708
0.003287184
0.003276691
0.003266226
0.003255791
0.003245385
0.003235009
0.003224661
0.003214343
0.003204053
0.003193793
0.003183561
0.003173358
0.003163184
0.003153038
0.003142921
0.003132833
0.003122773
0.003112741
0.003102738
0.003092763
0.003082816
0.003072897
0.003063007
0.003053144
0.003043309
0.003033503
0.003023724
0.003013973
0.003004249
0.002994553
0.002984885
0.002975244
0.002965631
0.002956045
0.002946486
0.002936955
0.00292745
0.002917973
0.002908523
0.0028991
0.002889704
0.002880335
0.002870992
0.002861677
0.002852388
0.002843125
0.002833889
0.00282468
0.002815497
0.00280634
0.00279721
0.002788106
0.002779028
0.002769977
0.002760951
0.002751951
0.002742978
0.00273403
0.002725108
0.002716212
0.002707341
0.002698496
0.002689677
0.002680883
0.002672115
0.002663372
0.002654654
0.002645962
0.002637295
0.002628653
0.002620036
0.002611444
0.002602877
0.002594335
0.002585818
0.002577325
0.002568858
0.002560415
0.002551997
0.002543603
0.002535233
0.002526889
0.002518568
0.002510272
0.002502
0.002493752
0.002485529
0.002477329
0.002469154
0.002461002
0.002452875
0.002444771
0.002436691
0.002428635
0.002420602
0.002412593
0.002404608
0.002396646
0.002388708
0.002380793
0.002372901
0.002365032
0.002357187
0.002349365
0.002341566
0.00233379
0.002326037
0.002318307
0.0023106
0.002302916
0.002295254
0.002287615
0.002279999
0.002272405
0.002264834
0.002257286
0.002249759
0.002242256
0.002234774
0.002227315
0.002219878
0.002212463
0.00220507
0.002197699
0.00219035
0.002183023
0.002175718
0.002168435
0.002161173
0.002153934
0.002146716
0.002139519
0.002132344
0.002125191
0.002118058
0.002110948
0.002103858
0.00209679
0.002089743
0.002082718
0.002075713
0.002068729
0.002061767
0.002054825
0.002047904
0.002041004
0.002034125
0.002027267
0.002020429
0.002013612
0.002006816
0.00200004
0.001993284
0.001986549
0.001979834
0.00197314
0.001966466
0.001959812
0.001953178
0.001946564
0.00193997
0.001933397
0.001926843
0.001920309
0.001913795
0.001907301
0.001900827
0.001894372
0.001887937
0.001881521
0.001875125
0.001868749
0.001862392
0.001856054
0.001849736
0.001843437
0.001837157
0.001830896
0.001824655
0.001818432
0.001812229
0.001806044
0.001799879
0.001793732
0.001787605
0.001781496
0.001775405
0.001769334
0.001763281
0.001757247
0.001751231
0.001745234
0.001739255
0.001733294
0.001727352
0.001721428
0.001715523
0.001709635
0.001703766
0.001697915
0.001692082
0.001686267
0.00168047
0.001674691
0.001668929
0.001663186
0.00165746
0.001651752
0.001646062
0.001640389
0.001634734
0.001629096
0.001623476
0.001617873
0.001612288
0.00160672
0.001601169
0.001595636
0.00159012
0.001584621
0.001579139
0.001573674
0.001568226
0.001562795
0.001557381
0.001551984
0.001546604
0.00154124
0.001535894
0.001530564
0.00152525
0.001519954
0.001514673
0.00150941
0.001504163
0.001498932
0.001493717
0.001488519
0.001483338
0.001478172
0.001473023
0.00146789
0.001462773
0.001457672
0.001452587
0.001447518
0.001442465
0.001437428
0.001432407
0.001427401
0.001422412
0.001417438
0.00141248
0.001407537
0.00140261
0.001397698
0.001392803
0.001387922
0.001383057
0.001378207
0.001373373
0.001368554
0.00136375
0.001358962
0.001354188
0.00134943
0.001344687
0.001339958
0.001335245
0.001330547
0.001325864
0.001321195
0.001316542
0.001311903
0.001307279
0.00130267
0.001298075
0.001293495
0.00128893
0.001284379
0.001279842
0.00127532
0.001270813
0.00126632
0.001261841
0.001257377
0.001252926
0.00124849
0.001244069
0.001239661
0.001235267
0.001230888
0.001226522
0.001222171
0.001217833
0.00121351
0.0012092
0.001204904
0.001200622
0.001196354
0.001192099
0.001187858
0.00118363
0.001179417
0.001175216
0.00117103
0.001166856
0.001162697
0.00115855
0.001154417
0.001150297
0.001146191
0.001142098
0.001138018
0.001133951
0.001129897
0.001125857
0.001121829
0.001117815
0.001113813
0.001109824
0.001105849
0.001101886
0.001097936
0.001093999
0.001090075
0.001086163
0.001082264
0.001078378
0.001074504
0.001070643
0.001066794
0.001062958
0.001059134
0.001055323
0.001051525
0.001047738
0.001043964
0.001040202
0.001036453
0.001032715
0.00102899
0.001025277
0.001021576
0.001017888
0.001014211
0.001010546
0.001006893
0.001003253
0.000999624
0.000996007
0.000992401
0.000988808
0.000985226
0.000981656
0.000978098
0.000974552
0.000971017
0.000967493
0.000963982
0.000960481
0.000956993
0.000953515
0.000950049
0.000946595
0.000943152
0.00093972
0.000936299
0.00093289
0.000929492
0.000926105
0.00092273
0.000919365
0.000916012
0.000912669
0.000909338
0.000906018
0.000902708
0.00089941
0.000896122
0.000892845
0.000889579
0.000886324
0.00088308
0.000879846
0.000876624
0.000873411
0.00087021
0.000867019
0.000863838
0.000860669
0.000857509
0.00085436
0.000851222
0.000848094
0.000844977
0.000841869
0.000838772
0.000835686
0.00083261
0.000829543
0.000826488
0.000823442
0.000820406
0.000817381
0.000814366
0.00081136
0.000808365
0.00080538
0.000802404
0.000799439
0.000796483
0.000793538
0.000790602
0.000787676
0.00078476
0.000781853
0.000778957
0.00077607
0.000773192
0.000770325
0.000767466
0.000764618
0.000761779
0.000758949
0.000756129
0.000753319
0.000750518
0.000747726
0.000744944
0.000742171
0.000739407
0.000736653
0.000733908
0.000731172
0.000728446
0.000725728
0.00072302
0.000720321
0.000717631
0.00071495
0.000712278
0.000709615
0.000706961
0.000704316
0.000701679
0.000699052
0.000696434
0.000693825
0.000691224
0.000688632
0.000686049
0.000683475
0.000680909
0.000678352
0.000675804
0.000673264
0.000670733
0.000668211
0.000665697
0.000663191
0.000660694
0.000658206
0.000655726
0.000653254
0.000650791
0.000648337
0.00064589
0.000643452
0.000641022
0.000638601
0.000636187
0.000633782
0.000631385
0.000628997
0.000626616
0.000624243
0.000621879
0.000619523
0.000617174
0.000614834
0.000612502
0.000610178
0.000607861
0.000605553
0.000603252
0.000600959
0.000598674
0.000596397
0.000594128
0.000591867
0.000589613
0.000587367
0.000585129
0.000582898
0.000580675
0.000578459
0.000576252
0.000574051
0.000571859
0.000569674
0.000567496
0.000565326
0.000563163
0.000561008
0.00055886
0.000556719
0.000554586
0.000552461
0.000550342
0.000548231
0.000546127
0.000544031
0.000541941
0.000539859
0.000537784
0.000535716
0.000533655
0.000531602
0.000529555
0.000527516
0.000525483
0.000523458
0.000521439
0.000519428
0.000517424
0.000515426
0.000513435
0.000511452
0.000509475
0.000507505
0.000505542
0.000503585
0.000501636
0.000499693
0.000497757
0.000495827
0.000493905
0.000491989
0.000490079
0.000488177
0.000486281
0.000484391
0.000482508
0.000480632
0.000478762
0.000476899
0.000475042
0.000473191
0.000471347
0.00046951
0.000467679
0.000465854
0.000464035
0.000462223
0.000460418
0.000458618
0.000456825
0.000455038
0.000453257
0.000451483
0.000449715
0.000447953
0.000446197
0.000444447
0.000442703
0.000440966
0.000439234
0.000437509
0.00043579
0.000434076
0.000432369
0.000430668
0.000428972
0.000427283
0.000425599
0.000423922
0.00042225
0.000420584
0.000418924
0.00041727
0.000415622
0.000413979
0.000412343
0.000410712
0.000409086
0.000407467
0.000405853
0.000404245
0.000402642
0.000401045
0.000399454
0.000397868
0.000396288
0.000394714
0.000393145
0.000391582
0.000390024
0.000388471
0.000386924
0.000385383
0.000383847
0.000382317
0.000380791
0.000379272
0.000377757
0.000376248
0.000374745
0.000373246
0.000371753
0.000370265
0.000368783
0.000367306
0.000365834
0.000364367
0.000362905
0.000361449
0.000359998
0.000358552
0.000357111
0.000355675
0.000354244
0.000352819
0.000351398
0.000349982
0.000348572
0.000347166
0.000345766
0.000344371
0.00034298
0.000341594
0.000340214
0.000338838
0.000337467
0.000336101
0.00033474
0.000333384
0.000332033
0.000330686
0.000329344
0.000328008
0.000326675
0.000325348
0.000324025
0.000322707
0.000321394
0.000320086
0.000318782
0.000317483
0.000316188
0.000314898
0.000313613
0.000312332
0.000311056
0.000309784
0.000308517
0.000307255
0.000305997
0.000304744
0.000303495
0.00030225
0.000301011
0.000299775
0.000298544
0.000297317
0.000296095
0.000294877
0.000293664
0.000292455
0.00029125
0.00029005
0.000288854
0.000287662
0.000286474
0.000285291
0.000284112
0.000282938
0.000281767
0.000280601
0.000279439
0.000278281
0.000277127
0.000275978
0.000274833
0.000273691
0.000272554
0.000271421
0.000270292
0.000269168
0.000268047
0.00026693
0.000265818
0.000264709
0.000263604
0.000262504
0.000261407
0.000260315
0.000259226
0.000258141
0.00025706
0.000255983
0.00025491
0.000253841
0.000252776
0.000251715
0.000250657
0.000249604
0.000248554
0.000247508
0.000246466
0.000245427
0.000244393
0.000243362
0.000242335
0.000241311
0.000240292
0.000239276
0.000238264
0.000237255
0.00023625
0.000235249
0.000234251
0.000233258
0.000232267
0.000231281
0.000230297
0.000229318
0.000228342
0.00022737
0.000226401
0.000225436
0.000224474
0.000223516
0.000222561
0.00022161
0.000220662
0.000219718
0.000218777
0.00021784
0.000216906
0.000215975
0.000215048
0.000214125
0.000213204
0.000212287
0.000211374
0.000210464
0.000209557
0.000208653
0.000207753
0.000206856
0.000205963
0.000205072
0.000204185
0.000203301
0.000202421
0.000201544
0.000200669
0.000199799
0.000198931
0.000198067
0.000197205
0.000196347
0.000195492
0.000194641
0.000193792
0.000192946
0.000192104
0.000191265
0.000190429
0.000189596
0.000188766
0.000187939
0.000187115
0.000186294
0.000185476
0.000184661
0.00018385
0.000183041
0.000182235
0.000181432
0.000180633
0.000179836
0.000179042
0.000178251
0.000177463
0.000176678
0.000175896
0.000175116
0.00017434
0.000173567
0.000172796
0.000172028
0.000171263
0.000170501
0.000169742
0.000168986
0.000168232
0.000167481
0.000166733
0.000165988
0.000165246
0.000164506
0.000163769
0.000163035
0.000162303
0.000161575
0.000160849
0.000160126
0.000159405
0.000158687
0.000157972
0.000157259
0.00015655
0.000155842
0.000155138
0.000154436
0.000153737
0.00015304
0.000152346
0.000151654
0.000150966
0.000150279
0.000149596
0.000148914
0.000148236
0.00014756
0.000146886
0.000146215
0.000145547
0.000144881
0.000144217
0.000143556
0.000142898
0.000142242
0.000141588
0.000140937
0.000140288
0.000139642
0.000138998
0.000138357
0.000137718
0.000137082
0.000136448
0.000135816
0.000135187
0.00013456
0.000133935
0.000133313
0.000132693
0.000132075
0.00013146
0.000130847
0.000130237
0.000129628
0.000129022
0.000128419
0.000127817
0.000127218
0.000126621
0.000126027
0.000125434
0.000124844
0.000124256
0.000123671
0.000123087
0.000122506
0.000121927
0.00012135
0.000120776
0.000120203
0.000119633
0.000119065
0.000118499
0.000117936
0.000117374
0.000116815
0.000116257
0.000115702
0.000115149
0.000114598
0.000114049
0.000113502
0.000112958
0.000112415
0.000111874
0.000111336
0.0001108
0.000110265
0.000109733
0.000109203
0.000108674
0.000108148
0.000107624
0.000107102
0.000106581
0.000106063
0.000105547
0.000105033
0.00010452
0.00010401
0.000103502
0.000102995
0.000102491
0.000101988
0.000101488
0.000100989
0.000100492
9.99976E-05
9.95047E-05
9.90137E-05
9.85246E-05
9.80373E-05
9.7552E-05
9.70685E-05
9.65869E-05
9.61071E-05
9.56292E-05
9.51531E-05
9.46789E-05
9.42065E-05
9.3736E-05
9.32672E-05
9.28003E-05
9.23352E-05
9.18719E-05
9.14104E-05
9.09506E-05
9.04927E-05
9.00365E-05
8.95821E-05
8.91295E-05
8.86786E-05
8.82295E-05
8.77821E-05
8.73365E-05
8.68926E-05
8.64504E-05
8.601E-05
8.55712E-05
8.51342E-05
8.46989E-05
8.42653E-05
8.38333E-05
8.34031E-05
8.29745E-05
8.25476E-05
8.21224E-05
8.16988E-05
8.12769E-05
8.08567E-05
8.04381E-05
8.00211E-05
7.96058E-05
7.91921E-05
7.878E-05
7.83696E-05
7.79607E-05
7.75535E-05
7.71478E-05
7.67438E-05
7.63413E-05
7.59404E-05
7.55411E-05
7.51434E-05
7.47473E-05
7.43527E-05
7.39596E-05
7.35682E-05
7.31782E-05
7.27898E-05
7.24029E-05
7.20176E-05
7.16338E-05
7.12515E-05
7.08707E-05
7.04915E-05
7.01137E-05
6.97374E-05
6.93627E-05
6.89894E-05
6.86176E-05
6.82472E-05
6.78784E-05
6.7511E-05
6.71451E-05
6.67806E-05
6.64176E-05
6.6056E-05
6.56959E-05
6.53372E-05
6.49799E-05
6.46241E-05
6.42697E-05
6.39167E-05
6.35651E-05
6.3215E-05
6.28662E-05
6.25188E-05
6.21729E-05
6.18283E-05
6.14851E-05
6.11433E-05
6.08028E-05
6.04637E-05
6.0126E-05
5.97897E-05
5.94547E-05
5.9121E-05
5.87887E-05
5.84578E-05
5.81281E-05
5.77998E-05
5.74729E-05
5.71472E-05
5.68229E-05
5.64999E-05
5.61782E-05
5.58578E-05
5.55387E-05
5.52209E-05
5.49044E-05
5.45892E-05
5.42753E-05
5.39626E-05
5.36512E-05
5.33411E-05
5.30323E-05
5.27247E-05
5.24184E-05
5.21133E-05
5.18095E-05
5.15069E-05
5.12056E-05
5.09055E-05
5.06066E-05
5.03089E-05
5.00125E-05
4.97173E-05
4.94233E-05
4.91306E-05
4.8839E-05
4.85486E-05
4.82595E-05
4.79715E-05
4.76847E-05
4.73991E-05
4.71147E-05
4.68315E-05
4.65494E-05
4.62685E-05
4.59888E-05
4.57103E-05
4.54329E-05
4.51566E-05
4.48815E-05
4.46076E-05
4.43348E-05
4.40632E-05
4.37926E-05
4.35232E-05
4.3255E-05
4.29879E-05
4.27218E-05
4.24569E-05
4.21932E-05
4.19305E-05
4.16689E-05
4.14085E-05
4.11491E-05
4.08908E-05
4.06337E-05
4.03776E-05
4.01226E-05
3.98687E-05
3.96158E-05
3.9364E-05
3.91133E-05
3.88637E-05
3.86151E-05
3.83676E-05
3.81212E-05
3.78758E-05
3.76314E-05
3.73881E-05
3.71459E-05
3.69047E-05
3.66645E-05
3.64253E-05
3.61872E-05
3.59501E-05
3.5714E-05
3.5479E-05
3.52449E-05
3.50119E-05
3.47799E-05
3.45489E-05
3.43189E-05
3.40899E-05
3.38619E-05
3.36349E-05
3.34088E-05
3.31838E-05
3.29597E-05
3.27367E-05
3.25146E-05
3.22935E-05
3.20733E-05
3.18541E-05
3.16359E-05
3.14187E-05
3.12024E-05
3.0987E-05
3.07726E-05
3.05592E-05
3.03467E-05
3.01352E-05
2.99246E-05
2.97149E-05
2.95062E-05
2.92984E-05
2.90916E-05
2.88856E-05
2.86806E-05
2.84765E-05
2.82733E-05
2.80711E-05
2.78697E-05
2.76693E-05
2.74698E-05
2.72712E-05
2.70734E-05
2.68766E-05
2.66807E-05
2.64857E-05
2.62915E-05
2.60983E-05
2.59059E-05
2.57144E-05
2.55238E-05
2.53341E-05
2.51452E-05
2.49572E-05
2.47701E-05
2.45839E-05
2.43985E-05
2.4214E-05
2.40303E-05
2.38475E-05
2.36656E-05
2.34845E-05
2.33042E-05
2.31248E-05
2.29462E-05
2.27685E-05
2.25916E-05
2.24156E-05
2.22404E-05
2.2066E-05
2.18925E-05
2.17197E-05
2.15478E-05
2.13768E-05
2.12065E-05
2.10371E-05
2.08685E-05
2.07007E-05
2.05337E-05
2.03675E-05
2.02021E-05
2.00375E-05
1.98737E-05
1.97107E-05
1.95486E-05
1.93872E-05
1.92266E-05
1.90668E-05
1.89078E-05
1.87495E-05
1.85921E-05
1.84354E-05
1.82795E-05
1.81244E-05
1.79701E-05
1.78165E-05
1.76637E-05
1.75117E-05
1.73605E-05
1.721E-05
1.70602E-05
1.69113E-05
1.67631E-05
1.66156E-05
1.64689E-05
1.6323E-05
1.61778E-05
1.60333E-05
1.58897E-05
1.57467E-05
1.56045E-05
1.5463E-05
1.53223E-05
1.51823E-05
1.50431E-05
1.49045E-05
1.47667E-05
1.46297E-05
1.44934E-05
1.43578E-05
1.42229E-05
1.40887E-05
1.39553E-05
1.38226E-05
1.36906E-05
1.35593E-05
1.34287E-05
1.32988E-05
1.31697E-05
1.30413E-05
1.29135E-05
1.27865E-05
1.26602E-05
1.25345E-05
1.24096E-05
1.22854E-05
1.21619E-05
1.2039E-05
1.19169E-05
1.17954E-05
1.16747E-05
1.15546E-05
1.14352E-05
1.13166E-05
1.11985E-05
1.10812E-05
1.09646E-05
1.08486E-05
1.07333E-05
1.06187E-05
1.05048E-05
1.03915E-05
1.02789E-05
1.0167E-05
1.00558E-05
9.94519E-06
9.83527E-06
9.72602E-06
9.61744E-06
9.50952E-06
9.40226E-06
9.29566E-06
9.18972E-06
9.08443E-06
8.9798E-06
8.87583E-06
8.77251E-06
8.66984E-06
8.56782E-06
8.46645E-06
8.36573E-06
8.26566E-06
8.16623E-06
8.06744E-06
7.9693E-06
7.87181E-06
7.77495E-06
7.67873E-06
7.58315E-06
7.48821E-06
7.3939E-06
7.30023E-06
7.20719E-06
7.11479E-06
7.02301E-06
6.93187E-06
6.84136E-06
6.75147E-06
6.66222E-06
6.57359E-06
6.48558E-06
6.3982E-06
6.31144E-06
6.22531E-06
6.13979E-06
6.0549E-06
5.97062E-06
5.88696E-06
5.80392E-06
5.7215E-06
5.63969E-06
5.5585E-06
5.47792E-06
5.39795E-06
5.3186E-06
5.23985E-06
5.16172E-06
5.08419E-06
5.00728E-06
4.93097E-06
4.85526E-06
4.78017E-06
4.70568E-06
4.63179E-06
4.5585E-06
4.48582E-06
4.41374E-06
4.34226E-06
4.27139E-06
4.20111E-06
4.13143E-06
4.06235E-06
3.99386E-06
3.92598E-06
3.85869E-06
3.79199E-06
3.72589E-06
3.66038E-06
3.59547E-06
3.53115E-06
3.46742E-06
3.40429E-06
3.34174E-06
3.27979E-06
3.21842E-06
3.15765E-06
3.09746E-06
3.03786E-06
2.97885E-06
2.92043E-06
2.86259E-06
2.80534E-06
2.74867E-06
2.6926E-06
2.6371E-06
2.58219E-06
2.52786E-06
2.47412E-06
2.42096E-06
2.36838E-06
2.31638E-06
2.26497E-06
2.21413E-06
2.16388E-06
2.11421E-06
2.06512E-06
2.01661E-06
1.96868E-06
1.92132E-06
1.87455E-06
1.82835E-06
1.78274E-06
1.7377E-06
1.69323E-06
1.64935E-06
1.60604E-06
1.56331E-06
1.52116E-06
1.47959E-06
1.43858E-06
1.39816E-06
1.35831E-06
1.31904E-06
1.28034E-06
1.24222E-06
1.20468E-06
1.16771E-06
1.13131E-06
1.09549E-06
1.06024E-06
1.02557E-06
9.91476E-07
9.57954E-07
9.25007E-07
8.92635E-07
8.60836E-07
8.29612E-07
7.98963E-07
7.68888E-07
7.39388E-07
7.10462E-07
6.8211E-07
6.54333E-07
6.2713E-07
6.00502E-07
5.74449E-07
5.48971E-07
5.24067E-07
4.99739E-07
4.75985E-07
4.52807E-07
4.30204E-07
4.08177E-07
3.86725E-07
3.65849E-07
3.45549E-07
3.25825E-07
3.06678E-07
2.88108E-07
2.70114E-07
2.52697E-07
2.35858E-07
2.19596E-07
2.03912E-07
1.88806E-07
1.74279E-07
1.6033E-07
1.4696E-07
1.3417E-07
1.2196E-07
1.10329E-07
9.9279E-08
8.881E-08
7.8921E-08
6.9615E-08
6.089E-08
5.2748E-08
4.5188E-08
3.8212E-08
3.1819E-08
2.6011E-08
2.0787E-08
1.6148E-08
1.2095E-08
8.628E-09
5.747E-09
3.454E-09
1.748E-09
6.3E-10
1.02E-10
-6.3E-11
